df.Temp.mean() = 496.1907327652752
df.Density.mean() = 0.9163091799809201
df.Press.mean() = -189.71591779838474
df.PotEng.mean() = 7299.820076899523

