df.Temp.mean() = 385.93458415141754
df.Density.mean() = 0.9994290999893999
df.Press.mean() = -256.0884213716805
df.PotEng.mean() = 5561.93488350637

