df.Temp.mean() = 459.30071520916573
df.Density.mean() = 1.0685302000168633
df.Press.mean() = 2345.5153384892615
df.PotEng.mean() = 6330.055863191934

