df.Temp.mean() = 330.7964804818851
df.Density.mean() = 1.044778700000531
df.Press.mean() = -245.61694182276895
df.PotEng.mean() = 4663.050141463045

