df.Temp.mean() = 385.8679640867167
df.Density.mean() = 0.9994290999981652
df.Press.mean() = -229.1402809376766
df.PotEng.mean() = 5563.986635980577

