df.Temp.mean() = 422.67989676388805
df.Density.mean() = 0.9706713199918655
df.Press.mean() = -230.72989394186735
df.PotEng.mean() = 6151.810776670629

