df.Temp.mean() = 367.51145324616505
df.Density.mean() = 1.0685302000168633
df.Press.mean() = 803.4792352450494
df.PotEng.mean() = 5069.218962073634

