df.Temp.mean() = 404.24576047770177
df.Density.mean() = 1.0685302000168633
df.Press.mean() = 1495.1915180909646
df.PotEng.mean() = 5580.508532572047

