df.Temp.mean() = 440.94120529441693
df.Density.mean() = 1.0685301999955088
df.Press.mean() = 2076.502698705083
df.PotEng.mean() = 6082.5424635366535

