df.Temp.mean() = 349.1876500952071
df.Density.mean() = 1.0294201000090217
df.Press.mean() = -265.1502983016193
df.PotEng.mean() = 4958.785665149564

