df.Temp.mean() = 551.3371770458554
df.Density.mean() = 0.8781902600000677
df.Press.mean() = -155.77375205866943
df.PotEng.mean() = 8137.8323849050175

