df.Temp.mean() = 551.3001823556828
df.Density.mean() = 0.8993077400050639
df.Press.mean() = 27.048232575355613
df.PotEng.mean() = 8073.783883246154

