df.Temp.mean() = 495.99754794468146
df.Density.mean() = 1.0685302000168633
df.Press.mean() = 2896.8294642051437
df.PotEng.mean() = 6825.992180510557

