df.Temp.mean() = 349.17241452680685
df.Density.mean() = 1.0294201000961005
df.Press.mean() = -268.26985104994986
df.PotEng.mean() = 4957.642829399249

