df.Temp.mean() = 413.40987504594597
df.Density.mean() = 1.0685302000168633
df.Press.mean() = 1611.0000646449455
df.PotEng.mean() = 5704.400082627628

