df.Temp.mean() = 496.16738181332056
df.Density.mean() = 0.9286307200030735
df.Press.mean() = -65.87269043817582
df.PotEng.mean() = 7261.335775245311

