df.Temp.mean() = 441.07716845076095
df.Density.mean() = 0.9566665500097129
df.Press.mean() = -217.12313978239453
df.PotEng.mean() = 6442.920610306484

