df.Temp.mean() = 349.2836598162796
df.Density.mean() = 1.0294201000050476
df.Press.mean() = -229.58949452096553
df.PotEng.mean() = 4959.906128602901

