df.Temp.mean() = 459.42311205009577
df.Density.mean() = 0.9430063399866024
df.Press.mean() = -208.44640671476952
df.PotEng.mean() = 6730.257873582672

