df.Temp.mean() = 551.2968275198364
df.Density.mean() = 0.9286307200064121
df.Press.mean() = 355.93550837768566
df.PotEng.mean() = 7984.230623909096

