df.Temp.mean() = 303.23299576491803
df.Density.mean() = 1.0685302000168633
df.Press.mean() = -15.283931393841064
df.PotEng.mean() = 4228.740761366159

